180 76
110 84
30 73
141 33
34 106
131 23
62 23
38 23
92 131
102 155
85 92
131 172
55 107
58 155
62 95
60 152
13 106
56 42
115 18
11 149
60 142
108 121
101 145
80 13
34 3
168 55
31 56
47 22
99 41
176 160
135 172
69 147
35 125
126 149
79 136
55 138
35 162
17 135
65 33
148 98
35 73
152 2
65 135
23 163
175 19
144 67
127 149
151 161
94 97
68 109
169 122
5 25
42 137
96 106
169 1
140 25
10 112
142 74
4 165
174 115
120 75
2 68
44 152
165 75
6 169
120 112
112 124
73 153
81 168
16 71
169 155
32 115
24 110
10 27
95 120
141 36
15 142
40 174 52172 1
76 131
165 132 8588 3
83 55
4 9
30 48
65 80 41